% Best result found with ACO
% Iteration 4656, ant 48: path length = 122.33278

bestFound = [36, 32, 29, 28, 20, 17, 14, 13, 8, 7, 3,...
             6, 12, 11, 10, 2, 4, 5, 1, 9, 15, 27, 35,...
             38, 37, 43, 50, 49, 42, 45, 41, 39, 34,...
             33, 31, 24, 21, 18, 25, 26, 23, 19, 16, 22,...
             30, 44, 47, 46, 48, 40];
         

